,t0,T1,cp_flag,K1,Pi1_ask,Pi1_bid,T2,K2,Pi2_ask,Pi2_bid,Adj_S0
0,2021-05-13,2021-06-04,C,137.0,4.8,4.5,2021-07-02,138.0,6.75,4.4,132.57721710205078
1,2021-05-13,2021-06-04,C,138.0,4.15,4.0,,,,,132.57721710205078
2,2021-05-13,2021-06-04,C,139.0,3.702467900514853,3.402467900514853,,,,,132.57721710205078
3,2021-05-13,2021-06-04,C,140.0,3.1375909803710664,2.987590980371067,,,,,132.57721710205078
4,2021-05-13,2021-06-04,C,142.0,2.4205131734842276,2.290513173484227,,,,,132.57721710205078
5,2021-05-13,2021-06-04,C,144.0,1.71,1.65,,,,,132.57721710205078
6,2021-05-13,2021-06-04,C,145.0,1.4383303529745097,1.3083303529745096,,,,,132.57721710205078
7,2021-05-13,2021-06-04,C,146.0,1.23,1.14,,,,,132.57721710205078
8,2021-05-13,2021-06-04,C,147.0,1.26,0.61,,,,,132.57721710205078
9,2021-05-13,2021-06-04,C,152.5,0.48,0.44,,,,,132.57721710205078
10,2021-05-13,2021-06-04,P,125.0,13.948273033445016,13.798273033445017,2021-07-02,124.0,2.549999999999982,0.019999999999982476,132.57721710205078
11,2021-05-13,2021-06-04,P,126.0,11.825000000000014,11.675000000000015,,,,,132.57721710205078
12,2021-05-13,2021-06-04,P,127.0,8.825172471091058,8.685172471091057,,,,,132.57721710205078
13,2021-05-13,2021-06-04,P,128.0,12.127678623485806,11.877678623485806,,,,,132.57721710205078
14,2021-05-13,2021-06-04,P,131.0,-2.216628177194439,-2.3366281771944393,,,,,132.57721710205078
15,2021-05-13,2021-06-04,P,135.0,-6.927760647138339,-6.967760647138338,,,,,132.57721710205078
16,2021-05-13,2021-06-04,P,136.0,-8.73411661260532,-8.954116612605318,,,,,132.57721710205078
17,2021-05-13,2021-06-04,P,137.0,2.0100000000000025,1.8600000000000023,,,,,132.57721710205078
18,2021-05-13,2021-06-04,P,138.0,-3.349825260329313,-3.4398252603293127,,,,,132.57721710205078
19,2021-05-13,2021-06-04,P,139.0,-8.385000000000012,-8.46500000000001,,,,,132.57721710205078
20,2021-05-14,2021-06-04,C,140.0,3.45,3.25,2021-07-02,139.0,5.4,4.7,133.80479049682617
21,2021-05-14,2021-06-04,C,141.0,2.87,2.8200000000000003,2021-07-02,145.0,2.68,2.42,133.80479049682617
22,2021-05-14,2021-06-04,C,143.0,2.1020614319656388,2.0520614319656385,2021-07-02,150.0,1.49,1.1,133.80479049682617
23,2021-05-14,2021-06-04,C,144.0,1.95,1.73,2021-07-02,160.0,0.56,0.23999999999999996,133.80479049682617
24,2021-05-14,2021-06-04,C,145.0,1.6714646433332656,1.6014646433332655,,,,,133.80479049682617
25,2021-05-14,2021-06-04,C,146.0,1.3,1.24,,,,,133.80479049682617
26,2021-05-14,2021-06-04,C,147.0,1.14,1.04,,,,,133.80479049682617
27,2021-05-14,2021-06-04,C,150.0,0.68,0.61,,,,,133.80479049682617
28,2021-05-14,2021-06-04,C,152.5,0.45,0.41,,,,,133.80479049682617
29,2021-05-14,2021-06-04,C,155.0,0.37,0.17,,,,,133.80479049682617
30,2021-05-14,2021-06-04,P,130.0,5.650000000000005,5.590000000000004,2021-07-02,120.0,1.116973924355516,0.9069739243555159,133.80479049682617
31,2021-05-14,2021-06-04,P,131.0,6.895000000000009,6.835000000000009,2021-07-02,130.0,11.525000000000011,11.075000000000012,133.80479049682617
32,2021-05-14,2021-06-04,P,132.0,9.104316489207227,8.904316489207227,2021-07-02,135.0,-2.0299999999999914,-2.5199999999999916,133.80479049682617
33,2021-05-14,2021-06-04,P,133.0,-1.8176533555666112,-1.867653355566611,2021-07-02,140.0,-0.004999999999988569,-0.3949999999999887,133.80479049682617
34,2021-05-14,2021-06-04,P,134.0,-0.5140390060951517,-0.5640390060951518,,,,,133.80479049682617
35,2021-05-14,2021-06-04,P,135.0,-2.035325939465834,-2.2253259394658342,,,,,133.80479049682617
36,2021-05-14,2021-06-04,P,136.0,2.0199999999999987,1.9199999999999988,,,,,133.80479049682617
37,2021-05-14,2021-06-04,P,137.0,-1.5218462150639187,-1.6118462150639186,,,,,133.80479049682617
38,2021-05-14,2021-06-04,P,139.0,3.198631642393548,3.0486316423935476,,,,,133.80479049682617
39,2021-05-14,2021-06-04,P,140.0,-2.2999999999999705,-2.3899999999999704,,,,,133.80479049682617
40,2021-05-17,2021-06-04,C,139.0,3.45,3.35,2021-07-02,130.0,10.8,10.15,133.20056533813477
41,2021-05-17,2021-06-04,C,140.0,2.98,2.9,2021-07-02,139.0,4.8,4.45,133.20056533813477
42,2021-05-17,2021-06-04,C,141.0,2.54,2.41,2021-07-02,140.0,4.3,4.0,133.20056533813477
43,2021-05-17,2021-06-04,C,142.0,2.16,2.1,2021-07-02,144.99999999999997,2.48,2.22,133.20056533813477
44,2021-05-17,2021-06-04,C,143.0,1.83,1.77,2021-07-02,149.99999999999997,1.4135513925109569,1.1735513925109569,133.20056533813477
45,2021-05-17,2021-06-04,C,144.0,1.55,1.4500000000000002,2021-07-02,155.0,2.08,0.5,133.20056533813477
46,2021-05-17,2021-06-04,C,145.0,1.2739470767045622,1.1839470767045621,,,,,133.20056533813477
47,2021-05-17,2021-06-04,C,146.0,1.09,1.03,,,,,133.20056533813477
48,2021-05-17,2021-06-04,C,149.0,0.6255624351927469,0.5455624351927469,,,,,133.20056533813477
49,2021-05-17,2021-06-04,C,150.0,0.54,0.49,,,,,133.20056533813477
50,2021-05-17,2021-06-04,P,128.0,10.424999999999972,10.32499999999997,2021-07-02,130.0,1.6800000000000068,1.4300000000000068,133.20056533813477
51,2021-05-17,2021-06-04,P,130.0,9.825,9.675,,,,,133.20056533813477
52,2021-05-17,2021-06-04,P,132.0,5.065000000000014,4.905000000000014,,,,,133.20056533813477
53,2021-05-17,2021-06-04,P,133.0,-1.8429113986075367,-1.8829113986075368,,,,,133.20056533813477
54,2021-05-17,2021-06-04,P,134.0,-0.4849999999999778,-0.5949999999999779,,,,,133.20056533813477
55,2021-05-17,2021-06-04,P,136.0,3.2444506126051893,3.12445061260519,,,,,133.20056533813477
56,2021-05-17,2021-06-04,P,137.0,5.401815074253636,5.3018150742536365,,,,,133.20056533813477
57,2021-05-17,2021-06-04,P,138.0,-1.039999999999984,-1.1199999999999841,,,,,133.20056533813477
58,2021-05-17,2021-06-04,P,139.0,-7.4149999999999885,-7.484999999999989,,,,,133.20056533813477
59,2021-05-17,2021-06-04,P,140.0,-3.0100000000000073,-3.1300000000000074,,,,,133.20056533813477
60,2021-05-18,2021-06-04,C,140.0,3.45,3.3,2021-07-02,140.0,5.1,4.75,136.09687042236328
61,2021-05-18,2021-06-04,C,141.0,2.84,2.7199999999999998,2021-07-02,141.0,4.35,4.15,136.09687042236328
62,2021-05-18,2021-06-04,C,142.0,2.295882131576464,2.135882131576464,2021-07-02,142.0,3.728055242153459,3.4280552421534587,136.09687042236328
63,2021-05-18,2021-06-04,C,143.0,1.82,1.75,2021-07-02,143.0,3.35,3.15,136.09687042236328
64,2021-05-18,2021-06-04,C,144.0,1.43,1.36,2021-07-02,145.0,2.76,2.28,136.09687042236328
65,2021-05-18,2021-06-04,C,145.0,1.12,1.06,2021-07-02,147.0,2.01,1.7,136.09687042236328
66,2021-05-18,2021-06-04,C,146.0,0.7689808303854019,0.7289808303854018,2021-07-02,150.0,1.27,1.09,136.09687042236328
67,2021-05-18,2021-06-04,C,147.0,0.7999999999999999,0.61,2021-07-02,155.0,0.57,0.42,136.09687042236328
68,2021-05-18,2021-06-04,C,150.0,0.3,0.27,2021-07-02,160.0,0.31,0.18,136.09687042236328
69,2021-05-18,2021-06-04,C,175.0,0.03,0.01,2021-07-02,165.0,0.33,0.02,136.09687042236328
70,2021-05-18,2021-06-04,P,105.0,36.27887237593337,36.13887237593337,2021-07-02,120.0,5.129147759062654,4.989147759062654,136.09687042236328
71,2021-05-18,2021-06-04,P,110.0,30.62803281423307,30.528032814233068,2021-07-02,125.0,5.317513145853511,5.097513145853511,136.09687042236328
72,2021-05-18,2021-06-04,P,132.0,12.162404332286133,11.812404332286132,2021-07-02,129.0,12.029849138862863,11.579849138862864,136.09687042236328
73,2021-05-18,2021-06-04,P,134.0,0.922069979175966,0.8120699791759659,2021-07-02,130.0,-9.610000000000019,-9.880000000000019,136.09687042236328
74,2021-05-18,2021-06-04,P,135.0,-24.51921172285173,-24.569211722851726,2021-07-02,135.0,1.4199999999999973,1.179999999999997,136.09687042236328
75,2021-05-18,2021-06-04,P,137.0,-31.646725263730858,-31.73672526373086,2021-07-02,140.0,7.9550000000000125,7.4550000000000125,136.09687042236328
76,2021-05-18,2021-06-04,P,140.0,-4.055393864435817,-4.175393864435816,2021-07-02,141.0,3.2952941343866033,2.9952941343866026,136.09687042236328
77,2021-05-18,2021-06-04,P,141.0,-7.280000000000016,-7.340000000000017,2021-07-02,145.00000000000003,-9.119999999999994,-9.269999999999992,136.09687042236328
78,2021-05-18,2021-06-04,P,143.0,2.5961308874779525,2.4761308874779524,,,,,136.09687042236328
79,2021-05-18,2021-06-04,P,144.0,-3.5650000000000035,-3.6150000000000033,,,,,136.09687042236328
80,2021-05-19,2021-06-04,C,140.0,3.4500000000000006,3.3,2021-07-02,139.0,5.518314800570617,5.068314800570617,136.1064491271973
81,2021-05-19,2021-06-04,C,141.0,2.8200000000000003,2.73,2021-07-02,141.0,4.418820181566074,4.018820181566074,136.1064491271973
82,2021-05-19,2021-06-04,C,142.0,2.28,2.2,2021-07-02,142.0,3.85,3.5,136.1064491271973
83,2021-05-19,2021-06-04,C,143.00000000000003,1.8,1.75,2021-07-02,143.0,3.3595291433926056,3.1095291433926056,136.1064491271973
84,2021-05-19,2021-06-04,C,144.00000000000003,1.3706044813052438,1.310604481305244,2021-07-02,144.0,2.94,2.65,136.1064491271973
85,2021-05-19,2021-06-04,C,145.0,1.146044530495711,1.0960445304957112,2021-07-02,145.0,2.5100000000000002,2.2,136.1064491271973
86,2021-05-19,2021-06-04,C,146.0,0.84,0.79,2021-07-02,146.99999999999997,1.8265236300383514,1.5365236300383518,136.1064491271973
87,2021-05-19,2021-06-04,C,147.0,0.64,0.59,2021-07-02,148.0,1.5800000000000003,1.35,136.1064491271973
88,2021-05-19,2021-06-04,C,148.0,0.5,0.41,2021-07-02,150.0,1.18,0.96,136.1064491271973
89,2021-05-19,2021-06-04,C,150.0,0.31,0.23,2021-07-02,155.00000000000003,0.54,0.39,136.1064491271973
90,2021-05-19,2021-06-04,P,136.0,4.38499999999999,4.3249999999999895,2021-07-02,124.0,19.325000000000017,19.075000000000017,136.1064491271973
91,2021-05-19,2021-06-04,P,137.0,0.7400000000000364,0.6800000000000364,2021-07-02,126.0,14.40000000000002,14.120000000000019,136.1064491271973
92,2021-05-19,2021-06-04,P,138.0,5.846905631936644,5.766905631936644,2021-07-02,136.0,3.9100000000000055,3.640000000000006,136.1064491271973
93,2021-05-19,2021-06-04,P,139.0,4.1743840686951454,4.084384068695146,2021-07-02,137.0,5.870731978658659,5.67073197865866,136.1064491271973
94,2021-05-19,2021-06-04,P,140.0,2.5593029844454067,2.4093029844454064,2021-07-02,138.0,0.2970278465545073,-0.03297215344549276,136.1064491271973
95,2021-05-19,2021-06-04,P,141.0,5.959999999999991,5.809999999999991,2021-07-02,139.0,5.424157581071455,5.174157581071455,136.1064491271973
96,2021-05-19,2021-06-04,P,142.0,4.410000000000037,4.260000000000036,2021-07-02,140.0,-12.94309265696515,-13.03309265696515,136.1064491271973
97,2021-05-19,2021-06-04,P,143.0,-1.0899999999999999,-1.1600000000000001,2021-07-02,141.0,-11.300000000000031,-11.600000000000032,136.1064491271973
98,2021-05-19,2021-06-04,P,144.0,-2.4149999999999987,-2.524999999999999,2021-07-02,142.0,0.9300000000000159,0.6600000000000159,136.1064491271973
99,2021-05-19,2021-06-04,P,145.0,-4.585,-4.665,2021-07-02,143.0,-1.1973063218584867,-1.4573063218584865,136.1064491271973
100,2021-05-20,2021-06-04,C,140.0,3.5,3.35,2021-07-02,140.0,5.05,4.85,136.58596801757812
101,2021-05-20,2021-06-04,C,141.0,2.7807321971899794,2.6407321971899793,2021-07-02,142.0,3.9,3.65,136.58596801757812
102,2021-05-20,2021-06-04,C,142.0,2.23,2.11,2021-07-02,143.0,3.4,3.2,136.58596801757812
103,2021-05-20,2021-06-04,C,143.0,1.6456518341913686,1.5456518341913688,2021-07-02,144.0,2.787348900885145,2.5573489008851444,136.58596801757812
104,2021-05-20,2021-06-04,C,143.99999999999997,1.27,1.2,2021-07-02,145.0,2.53,2.31,136.58596801757812
105,2021-05-20,2021-06-04,C,145.0,0.92,0.87,2021-07-02,148.0,1.57,1.3999999999999997,136.58596801757812
106,2021-05-20,2021-06-04,C,146.0,0.6699999999999999,0.62,2021-07-02,150.0,1.05,0.93,136.58596801757812
107,2021-05-20,2021-06-04,C,147.0,0.47,0.44,2021-07-02,155.0,0.58,0.35,136.58596801757812
108,2021-05-20,2021-06-04,C,148.0,0.38499884711954385,0.29499884711954383,,,,,136.58596801757812
109,2021-05-20,2021-06-04,C,150.0,0.2,0.16,,,,,136.58596801757812
110,2021-05-20,2021-06-04,P,125.0,0.8447093727057455,0.8247093727057455,2021-07-02,110.0,1.9403747424125208,1.7103747424125209,136.58596801757812
111,2021-05-20,2021-06-04,P,126.0,9.586309986617875,9.496309986617876,2021-07-02,136.0,5.3850000000000025,5.235000000000002,136.58596801757812
112,2021-05-20,2021-06-04,P,130.0,10.2998610823544,10.2298610823544,2021-07-02,139.0,4.142075470314572,3.9720754703145724,136.58596801757812
113,2021-05-20,2021-06-04,P,134.0,-7.786188161093028,-7.8061881610930275,2021-07-02,140.0,4.574999999999989,4.324999999999989,136.58596801757812
114,2021-05-20,2021-06-04,P,135.0,2.055522451278699,2.0055224512786993,2021-07-02,141.0,-1.995000000000017,-2.155000000000017,136.58596801757812
115,2021-05-20,2021-06-04,P,136.0,-5.478333198277559,-5.4983331982775585,2021-07-02,142.0,0.40500000000001135,0.1950000000000114,136.58596801757812
116,2021-05-20,2021-06-04,P,137.0,4.490000000000013,4.420000000000012,2021-07-02,143.0,4.959915607107542,4.659915607107541,136.58596801757812
117,2021-05-20,2021-06-04,P,138.0,-0.4687259985867979,-0.5787259985867979,2021-07-02,144.00000000000003,3.54500000000001,3.2450000000000103,136.58596801757812
118,2021-05-20,2021-06-04,P,140.0,-0.8749999999999829,-0.974999999999983,,,,,136.58596801757812
119,2021-05-20,2021-06-04,P,141.0,-5.730000000000009,-5.750000000000009,,,,,136.58596801757812
120,2021-05-21,2021-06-04,C,137.0,5.25,5.049999999999999,2021-07-02,140.0,4.280925756943522,4.030925756943522,135.94342803955078
121,2021-05-21,2021-06-04,C,140.0,2.91,2.74,2021-07-02,141.0,3.9,3.6499999999999995,135.94342803955078
122,2021-05-21,2021-06-04,C,141.0,2.2618997455349485,2.0018997455349488,2021-07-02,142.0,3.35,3.1500000000000004,135.94342803955078
123,2021-05-21,2021-06-04,C,142.0,1.77,1.59,2021-07-02,143.0,3.05,2.65,135.94342803955078
124,2021-05-21,2021-06-04,C,143.0,1.25,1.17,2021-07-02,145.0,2.03,1.9,135.94342803955078
125,2021-05-21,2021-06-04,C,144.0,0.9,0.82,2021-07-02,148.00000000000003,1.104647078043296,0.9846470780432962,135.94342803955078
126,2021-05-21,2021-06-04,C,145.0,0.6,0.57,2021-07-02,149.99999999999997,0.83,0.74,135.94342803955078
127,2021-05-21,2021-06-04,C,146.0,0.46,0.39,2021-07-02,154.99999999999997,0.46,0.27,135.94342803955078
128,2021-05-21,2021-06-04,C,147.0,0.33000000000000007,0.27,2021-07-02,165.0,0.16,0.04,135.94342803955078
129,2021-05-21,2021-06-04,C,150.0,0.11,0.1,2021-07-02,170.0,0.14,0.0,135.94342803955078
130,2021-05-21,2021-06-04,P,110.0,32.16156159475628,31.981561594756275,2021-07-02,105.0,5.393933454663435,4.903933454663435,135.94342803955078
131,2021-05-21,2021-06-04,P,115.0,26.124999999999986,26.064999999999984,2021-07-02,110.0,32.053767568007515,31.933767568007514,135.94342803955078
132,2021-05-21,2021-06-04,P,136.0,3.3349999999999786,3.274999999999978,2021-07-02,127.0,10.345000000000018,10.115000000000018,135.94342803955078
133,2021-05-21,2021-06-04,P,137.0,3.477837056780164,3.437837056780164,2021-07-02,137.0,-8.275000000000018,-8.405000000000017,135.94342803955078
134,2021-05-21,2021-06-04,P,138.0,-27.62909197470565,-27.64909197470565,2021-07-02,139.0,4.2187269909826135,4.038726990982614,135.94342803955078
135,2021-05-21,2021-06-04,P,139.0,-23.380846075984273,-23.490846075984273,2021-07-02,140.0,4.812528045241413,4.6125280452414135,135.94342803955078
136,2021-05-21,2021-06-04,P,140.0,-0.9942863386117597,-1.0842863386117596,2021-07-02,141.0,-32.72999999999997,-33.11999999999997,135.94342803955078
137,2021-05-21,2021-06-04,P,141.0,-2.303117889562516,-2.3631178895625156,2021-07-02,142.0,4.44999999999996,4.19999999999996,135.94342803955078
138,2021-05-21,2021-06-04,P,142.0,3.469845739985036,3.399845739985036,2021-07-02,143.0,-0.025000000000013456,-0.19500000000001383,135.94342803955078
139,2021-05-21,2021-06-04,P,143.0,-4.484999999999983,-4.614999999999983,,,,,135.94342803955078
140,2021-05-24,2021-06-04,C,140.0,2.73,2.56,2021-07-02,142.0,3.127580128754274,3.037580128754274,135.95301818847656
141,2021-05-24,2021-06-04,C,141.0,1.99,1.91,2021-07-02,143.0,2.65,2.43,135.95301818847656
142,2021-05-24,2021-06-04,C,142.0,1.46,1.36,2021-07-02,144.0,2.2317559984342688,1.981755998434269,135.95301818847656
143,2021-05-24,2021-06-04,C,143.0,0.97,0.93,2021-07-02,145.0,1.82,1.69,135.95301818847656
144,2021-05-24,2021-06-04,C,144.0,0.69,0.61,2021-07-02,146.0,1.4859443240147296,1.3759443240147298,135.95301818847656
145,2021-05-24,2021-06-04,C,145.0,0.41,0.39,2021-07-02,147.0,1.21,1.13,135.95301818847656
146,2021-05-24,2021-06-04,C,145.99999999999997,0.26,0.24999999999999997,2021-07-02,148.0,1.078519147978075,0.8985191479780749,135.95301818847656
147,2021-05-24,2021-06-04,C,147.0,0.17,0.16,2021-07-02,149.0,0.79,0.72,135.95301818847656
148,2021-05-24,2021-06-04,C,148.00000000000003,0.11,0.10000000000000002,2021-07-02,150.0,0.6902703888297954,0.6002703888297953,135.95301818847656
149,2021-05-24,2021-06-04,C,150.0,0.06,0.049999999999999996,2021-07-02,155.0,0.28,0.19,135.95301818847656
150,2021-05-24,2021-06-04,P,124.0,1.2060892599872846,1.1960892599872848,2021-07-02,133.0,3.8808099481254215,3.5908099481254214,135.95301818847656
151,2021-05-24,2021-06-04,P,124.99999999999999,19.125210188874625,19.075210188874628,2021-07-02,134.0,7.8242241046440935,7.624224104644094,135.95301818847656
152,2021-05-24,2021-06-04,P,135.0,5.170000000000001,5.1400000000000015,2021-07-02,135.0,1.0159818850440707,0.7959818850440705,135.95301818847656
153,2021-05-24,2021-06-04,P,137.0,-12.940909494002403,-12.960909494002403,2021-07-02,136.0,-0.9600000000000205,-1.1200000000000205,135.95301818847656
154,2021-05-24,2021-06-04,P,138.0,3.3649747380279247,3.3349747380279244,2021-07-02,141.0,-5.405000000000004,-5.525000000000003,135.95301818847656
155,2021-05-24,2021-06-04,P,139.0,3.5050000000000123,3.4050000000000127,,,,,135.95301818847656
156,2021-05-24,2021-06-04,P,140.0,-0.21152641105904535,-0.23152641105904537,,,,,135.95301818847656
157,2021-05-24,2021-06-04,P,141.0,-4.975000000000018,-4.985000000000018,,,,,135.95301818847656
158,2021-05-24,2021-06-04,P,142.0,-2.6643259614402464,-2.684325961440246,,,,,135.95301818847656
159,2021-05-24,2021-06-04,P,143.0,-3.7727408906507574,-3.792740890650757,,,,,135.95301818847656
160,2021-05-25,2021-06-04,C,140.0,3.05,2.84,2021-07-02,141.0,3.95,3.7,136.50924682617188
161,2021-05-25,2021-06-04,C,141.0,2.127288557470673,1.9972885574706734,2021-07-02,142.0,3.2648137681246174,3.0648137681246173,136.50924682617188
162,2021-05-25,2021-06-04,C,142.0,1.62,1.52,2021-07-02,143.0,2.96,2.5799999999999996,136.50924682617188
163,2021-05-25,2021-06-04,C,143.0,1.09,1.06,2021-07-02,145.0,1.96,1.83,136.50924682617188
164,2021-05-25,2021-06-04,C,144.0,0.72,0.69,2021-07-02,146.0,1.665350351286627,1.395350351286627,136.50924682617188
165,2021-05-25,2021-06-04,C,145.0,0.45,0.44,2021-07-02,147.0,1.42,1.2,136.50924682617188
166,2021-05-25,2021-06-04,C,146.0,0.28,0.26,2021-07-02,148.0,1.14,0.98,136.50924682617188
167,2021-05-25,2021-06-04,C,147.0,0.17,0.16000000000000003,2021-07-02,150.0,0.75,0.6300000000000001,136.50924682617188
168,2021-05-25,2021-06-04,C,148.0,0.11,0.1,2021-07-02,152.5,0.45,0.35,136.50924682617188
169,2021-05-25,2021-06-04,C,149.99999999999997,0.05,0.04000000000000001,2021-07-02,155.0,0.31,0.20000000000000004,136.50924682617188
170,2021-05-25,2021-06-04,P,117.0,25.110331111182326,25.030331111182328,2021-07-02,105.0,2.3178913520689868,2.2478913520689865,136.50924682617188
171,2021-05-25,2021-06-04,P,121.0,19.972692659282714,19.942692659282713,2021-07-02,133.0,5.714999999999971,5.504999999999971,136.50924682617188
172,2021-05-25,2021-06-04,P,127.0,13.012269907161746,12.992269907161747,2021-07-02,135.0,6.975000000000005,6.765000000000004,136.50924682617188
173,2021-05-25,2021-06-04,P,137.0,6.204999999999992,6.124999999999992,2021-07-02,136.0,14.983880319476247,14.533880319476248,136.50924682617188
174,2021-05-25,2021-06-04,P,138.0,1.1679371787709032,1.1579371787709034,2021-07-02,138.0,-3.222570810533698,-3.312570810533698,136.50924682617188
175,2021-05-25,2021-06-04,P,139.0,-1.772618411972469,-1.7826184119724688,2021-07-02,141.0,-3.6450000000000102,-3.8950000000000102,136.50924682617188
176,2021-05-25,2021-06-04,P,140.0,-1.1804398258619484,-1.1904398258619482,2021-07-02,150.0,-5.739999999999998,-5.949999999999999,136.50924682617188
177,2021-05-25,2021-06-04,P,141.0,-22.652073684242797,-22.6720736842428,,,,,136.50924682617188
178,2021-05-25,2021-06-04,P,142.0,-13.750930865701315,-13.760930865701317,,,,,136.50924682617188
179,2021-05-25,2021-06-04,P,143.0,-20.470000000000024,-20.48000000000002,,,,,136.50924682617188
180,2021-05-26,2021-06-04,C,140.0,2.8,2.6,2021-07-02,134.0,9.2,8.7,136.3462142944336
181,2021-05-26,2021-06-04,C,141.0,1.8313878205714946,1.7013878205714945,2021-07-02,140.0,4.3,4.1,136.3462142944336
182,2021-05-26,2021-06-04,C,142.0,1.3600000000000003,1.3,2021-07-02,142.0,3.0251574862480695,2.875157486248069,136.3462142944336
183,2021-05-26,2021-06-04,C,143.0,0.88,0.85,2021-07-02,143.0,2.59,2.46,136.3462142944336
184,2021-05-26,2021-06-04,C,144.0,0.54,0.52,2021-07-02,146.0,1.44,1.31,136.3462142944336
185,2021-05-26,2021-06-04,C,145.0,0.32000000000000006,0.31,2021-07-02,147.0,1.177904571721958,1.0479045717219582,136.3462142944336
186,2021-05-26,2021-06-04,C,146.00000000000003,0.19,0.18,2021-07-02,148.0,0.97,0.8299999999999998,136.3462142944336
187,2021-05-26,2021-06-04,C,147.0,0.11,0.1,2021-07-02,150.0,0.62,0.51,136.3462142944336
188,2021-05-26,2021-06-04,C,148.0,0.07,0.06,2021-07-02,155.0,0.25,0.17,136.3462142944336
189,2021-05-26,2021-06-04,C,150.0,0.04,0.03,,,,,136.3462142944336
190,2021-05-26,2021-06-04,P,121.0,18.93250046702693,18.922500467026932,2021-07-02,110.0,2.6601930684181596,0.55019306841816,136.3462142944336
191,2021-05-26,2021-06-04,P,135.0,8.084139779224527,8.024139779224528,2021-07-02,130.0,11.424095230239935,11.314095230239936,136.3462142944336
192,2021-05-26,2021-06-04,P,136.0,5.124784113514895,5.054784113514895,2021-07-02,133.0,7.818235939202909,7.658235939202909,136.3462142944336
193,2021-05-26,2021-06-04,P,137.0,5.2199999999999935,5.169999999999993,2021-07-02,135.0,7.865000000000001,7.695000000000001,136.3462142944336
194,2021-05-26,2021-06-04,P,138.0,1.1813016616207834,1.1713016616207836,2021-07-02,137.0,-2.8150000000000093,-2.915000000000009,136.3462142944336
195,2021-05-26,2021-06-04,P,139.0,-0.5921112884909644,-0.6021112884909644,2021-07-02,139.0,-2.5659831779299007,-2.675983177929901,136.3462142944336
196,2021-05-26,2021-06-04,P,140.0,-1.7516648800760732,-1.761664880076073,2021-07-02,140.0,-1.1163032695872983,-1.2263032695872982,136.3462142944336
197,2021-05-26,2021-06-04,P,141.0,-4.219999999999994,-4.229999999999994,2021-07-02,141.0,0.6299999999999829,0.219999999999983,136.3462142944336
198,2021-05-26,2021-06-04,P,142.0,-5.830000000000008,-5.840000000000008,2021-07-02,142.0,-9.25499999999998,-9.41499999999998,136.3462142944336
199,2021-05-26,2021-06-04,P,143.0,-20.58000000000001,-20.590000000000007,,,,,136.3462142944336
200,2021-05-27,2021-06-04,C,140.0,2.6,2.37,2021-07-02,140.0,4.15,3.9,135.8858757019043
201,2021-05-27,2021-06-04,C,141.0,1.7472266513827,1.5872266513826996,2021-07-02,141.0,3.4860595449408254,3.286059544940825,135.8858757019043
202,2021-05-27,2021-06-04,C,142.0,1.18,1.1,2021-07-02,142.0,3.011992702550516,2.831992702550516,135.8858757019043
203,2021-05-27,2021-06-04,C,143.0,0.75,0.7,2021-07-02,143.0,2.54,2.29,135.8858757019043
204,2021-05-27,2021-06-04,C,144.0,0.44,0.42,2021-07-02,144.0,2.12,1.87,135.8858757019043
205,2021-05-27,2021-06-04,C,145.0,0.26,0.24,2021-07-02,145.0,1.75,1.55,135.8858757019043
206,2021-05-27,2021-06-04,C,146.0,0.15,0.14,2021-07-02,147.0,1.2856245436438938,0.7456245436438935,135.8858757019043
207,2021-05-27,2021-06-04,C,147.0,0.09,0.08,2021-07-02,148.0,1.03,0.62,135.8858757019043
208,2021-05-27,2021-06-04,C,148.0,0.06,0.05,,,,,135.8858757019043
209,2021-05-27,2021-06-04,C,150.0,0.04,0.03,,,,,135.8858757019043
210,2021-05-27,2021-06-04,P,122.0,20.175,20.075,2021-07-02,135.0,7.155000000000001,6.935000000000002,135.8858757019043
211,2021-05-27,2021-06-04,P,125.0,17.918973310060064,17.678973310060062,2021-07-02,137.0,-1.2445278847478005,-1.4545278847478005,135.8858757019043
212,2021-05-27,2021-06-04,P,137.0,4.275000000000005,4.215000000000004,2021-07-02,141.0,-1.8888696706183077,-2.258869670618308,135.8858757019043
213,2021-05-27,2021-06-04,P,139.0,0.3523345964953296,0.3423345964953296,2021-07-02,142.0,5.0750000000000055,4.475000000000006,135.8858757019043
214,2021-05-27,2021-06-04,P,140.0,0.4146381487794065,0.34463814877940646,2021-07-02,143.0,5.565000000000003,5.115000000000004,135.8858757019043
215,2021-05-27,2021-06-04,P,141.0,-3.4049999999999967,-3.4149999999999965,2021-07-02,144.0,2.0735746425537616,1.8635746425537616,135.8858757019043
216,2021-05-27,2021-06-04,P,142.0,-18.55389906961626,-18.56389906961626,2021-07-02,145.0,2.835000000000008,2.335000000000008,135.8858757019043
217,2021-05-27,2021-06-04,P,143.0,2.845000000000028,2.6550000000000287,,,,,135.8858757019043
218,2021-05-27,2021-06-04,P,144.0,4.060627303138938,3.260627303138938,,,,,135.8858757019043
219,2021-05-27,2021-06-04,P,145.0,-16.689999999999994,-16.819999999999997,,,,,135.8858757019043
220,2021-05-28,2021-06-04,C,138.0,4.337155505150624,4.137155505150623,2021-07-02,141.0,3.35,3.2,136.21195220947266
221,2021-05-28,2021-06-04,C,140.0,2.4600000000000004,2.39,2021-07-02,142.0,2.8637704681397613,2.423770468139762,136.21195220947266
222,2021-05-28,2021-06-04,C,141.0,1.65,1.5900000000000003,2021-07-02,142.99999999999997,2.45,2.0,136.21195220947266
223,2021-05-28,2021-06-04,C,142.0,1.0,0.96,2021-07-02,144.0,1.8024513644479374,1.5624513644479374,136.21195220947266
224,2021-05-28,2021-06-04,C,143.0,0.55,0.53,2021-07-02,145.0,1.55,1.2700000000000002,136.21195220947266
225,2021-05-28,2021-06-04,C,143.99999999999997,0.28,0.27,2021-07-02,146.0,1.2999999999999998,0.98,136.21195220947266
226,2021-05-28,2021-06-04,C,145.0,0.14,0.13,2021-07-02,147.0,1.1376712063098877,0.8776712063098878,136.21195220947266
227,2021-05-28,2021-06-04,C,146.0,0.08,0.07,2021-07-02,150.0,0.52,0.4,136.21195220947266
228,2021-05-28,2021-06-04,C,147.0,0.05,0.039999999999999994,,,,,136.21195220947266
229,2021-05-28,2021-06-04,C,150.0,0.03,0.01,,,,,136.21195220947266
230,2021-05-28,2021-06-04,P,134.0,6.974287167267741,6.954287167267742,2021-07-02,129.0,12.269999999999984,12.079999999999982,136.21195220947266
231,2021-05-28,2021-06-04,P,135.0,7.033123491876404,6.983123491876404,2021-07-02,137.0,-7.139531325718254,-7.229531325718254,136.21195220947266
232,2021-05-28,2021-06-04,P,136.0,3.9214567766202935,3.9114567766202937,2021-07-02,138.0,5.184999999999978,4.9249999999999785,136.21195220947266
233,2021-05-28,2021-06-04,P,138.0,5.140000000000004,5.100000000000005,2021-07-02,139.0,1.3289974393561739,1.1689974393561737,136.21195220947266
234,2021-05-28,2021-06-04,P,139.0,0.16870453741143365,0.15870453741143364,2021-07-02,141.0,-0.7600000000000057,-1.0400000000000058,136.21195220947266
235,2021-05-28,2021-06-04,P,140.0,-1.7849999999999921,-1.794999999999992,2021-07-02,142.0,-1.9599999999999989,-2.2299999999999986,136.21195220947266
236,2021-05-28,2021-06-04,P,141.0,3.4499890241717415,3.389989024171741,,,,,136.21195220947266
237,2021-05-28,2021-06-04,P,142.0,-6.182326645237505,-6.192326645237505,,,,,136.21195220947266
238,2021-05-28,2021-06-04,P,143.0,-7.350000000000047,-7.3600000000000465,,,,,136.21195220947266
239,2021-05-28,2021-06-04,P,143.99999999999997,-5.680000000000002,-5.690000000000002,,,,,136.21195220947266
240,2021-06-01,2021-06-04,C,138.0,3.75,3.55,2021-07-02,140.0,3.55,3.4,135.85710525512695
241,2021-06-01,2021-06-04,C,140.0,1.91,1.79,2021-07-02,141.0,2.91,2.83,135.85710525512695
242,2021-06-01,2021-06-04,C,141.0,1.1100000000000003,1.08,2021-07-02,142.0,2.42,2.29,135.85710525512695
243,2021-06-01,2021-06-04,C,142.0,0.58,0.56,2021-07-02,143.0,1.9639992138080604,1.8439992138080608,135.85710525512695
244,2021-06-01,2021-06-04,C,143.0,0.29,0.27,2021-07-02,145.0,1.2500000000000002,1.21,135.85710525512695
245,2021-06-01,2021-06-04,C,144.0,0.13999999999999999,0.12,2021-07-02,146.0,0.9925889720044541,0.912588972004454,135.85710525512695
246,2021-06-01,2021-06-04,C,145.0,0.07,0.06,2021-07-02,147.0,0.8137089533393315,0.7337089533393314,135.85710525512695
247,2021-06-01,2021-06-04,C,146.0,0.04,0.03,2021-07-02,148.0,0.66,0.55,135.85710525512695
248,2021-06-01,2021-06-04,C,147.0,0.020017516233244353,0.010017516233244355,2021-07-02,149.0,0.6330116088182585,0.35301160881825844,135.85710525512695
249,2021-06-01,2021-06-04,C,150.00000000000003,0.03,0.0,2021-07-02,150.0,0.41,0.35,135.85710525512695
250,2021-06-01,2021-06-04,P,120.0,20.077339653172583,20.05733965317258,2021-07-02,105.0,14.54594059687998,14.40594059687998,135.85710525512695
251,2021-06-01,2021-06-04,P,121.0,19.945493759628885,19.925493759628882,2021-07-02,120.0,22.345628180880574,22.205628180880574,135.85710525512695
252,2021-06-01,2021-06-04,P,126.0,16.03930321048079,15.98930321048079,2021-07-02,134.0,0.5299999999999955,0.47999999999999543,135.85710525512695
253,2021-06-01,2021-06-04,P,132.0,7.127748987330064,7.097748987330065,2021-07-02,135.0,7.832936935066937,7.6829369350669365,135.85710525512695
254,2021-06-01,2021-06-04,P,138.0,-5.838583177665769,-5.868583177665768,2021-07-02,136.0,5.754987782063473,5.614987782063473,135.85710525512695
255,2021-06-01,2021-06-04,P,139.0,-0.553943176542665,-0.573943176542665,2021-07-02,137.0,-0.9028212304673923,-0.9728212304673923,135.85710525512695
256,2021-06-01,2021-06-04,P,140.0,-18.86927290595391,-18.889272905953913,2021-07-02,138.0,0.12500000000000794,0.04500000000000798,135.85710525512695
257,2021-06-01,2021-06-04,P,141.0,-13.976865625850527,-13.996865625850527,2021-07-02,140.0,-31.883655124127642,-32.13365512412764,135.85710525512695
258,2021-06-01,2021-06-04,P,142.0,2.0300000000000002,1.97,2021-07-02,141.0,-0.7400000000000102,-0.8000000000000103,135.85710525512695
259,2021-06-01,2021-06-04,P,143.0,-20.274999999999995,-20.294999999999998,2021-07-02,141.99999999999997,-3.2500000000000204,-3.3300000000000205,135.85710525512695
260,2021-06-02,2021-06-04,C,138.0,3.45,3.35,2021-07-02,140.0,3.3,3.15,135.55982208251953
261,2021-06-02,2021-06-04,C,139.0,2.345430969382991,2.2754309693829917,2021-07-02,141.0,2.67,2.54,135.55982208251953
262,2021-06-02,2021-06-04,C,140.0,1.6168769409099288,1.5468769409099288,2021-07-02,142.0,2.2300000000000004,2.09,135.55982208251953
263,2021-06-02,2021-06-04,C,141.0,0.84,0.81,2021-07-02,143.0,1.78,1.67,135.55982208251953
264,2021-06-02,2021-06-04,C,141.99999999999997,0.38,0.36,2021-07-02,144.0,1.41,1.33,135.55982208251953
265,2021-06-02,2021-06-04,C,143.0,0.17,0.14,2021-07-02,145.0,1.2181701358493524,1.1681701358493521,135.55982208251953
266,2021-06-02,2021-06-04,C,144.0,0.07,0.06,2021-07-02,146.0,0.9709646041551558,0.7409646041551556,135.55982208251953
267,2021-06-02,2021-06-04,C,145.0,0.04,0.030000000000000002,2021-07-02,147.0,0.7,0.64,135.55982208251953
268,2021-06-02,2021-06-04,C,146.0,0.027272305409701433,0.017272305409701438,2021-07-02,150.0,0.38,0.31,135.55982208251953
269,2021-06-02,2021-06-04,C,147.0,0.02,0.0,,,,,135.55982208251953
270,2021-06-02,2021-06-04,P,131.0,9.01953381953677,8.99953381953677,2021-07-02,90.0,25.734386730867378,25.65438673086738,135.55982208251953
271,2021-06-02,2021-06-04,P,135.0,6.077974701886673,6.047974701886674,2021-07-02,115.0,22.84992846024632,22.809928460246322,135.55982208251953
272,2021-06-02,2021-06-04,P,136.0,1.970967254992165,1.9609672549921653,2021-07-02,130.0,8.18000000000003,8.13000000000003,135.55982208251953
273,2021-06-02,2021-06-04,P,137.0,2.145662652832134,2.135662652832134,2021-07-02,134.0,3.285273647933417,3.235273647933417,135.55982208251953
274,2021-06-02,2021-06-04,P,138.0,-0.7466587676880374,-0.7666587676880374,2021-07-02,135.0,-43.42849878885859,-43.58849878885859,135.55982208251953
275,2021-06-02,2021-06-04,P,139.0,3.211961802411389,3.161961802411389,2021-07-02,136.0,0.4622409690801317,0.42224096908013165,135.55982208251953
276,2021-06-02,2021-06-04,P,140.0,-4.4930528286880556,-4.513052828688055,2021-07-02,137.0,-5.920815866154589,-5.97081586615459,135.55982208251953
277,2021-06-02,2021-06-04,P,141.0,-9.53500000000001,-9.565000000000012,2021-07-02,138.0,4.27999999999999,4.17999999999999,135.55982208251953
278,2021-06-02,2021-06-04,P,141.99999999999997,2.055,1.9449999999999998,2021-07-02,140.0,1.7395535892976604,1.66955358929766,135.55982208251953
279,2021-06-02,2021-06-04,P,143.0,-5.194999999999989,-5.2049999999999885,2021-07-02,141.0,-5.220000000000014,-5.250000000000013,135.55982208251953
280,2021-06-03,2021-06-04,C,139.0,2.607407487602824,2.5274074876028236,2021-07-02,141.0,2.81,2.7,135.7995643615723
281,2021-06-03,2021-06-04,C,140.0,1.86,1.66,2021-07-02,142.0,2.319999847059901,2.129999847059901,135.7995643615723
282,2021-06-03,2021-06-04,C,141.0,1.0421047881303291,0.9021047881303292,2021-07-02,143.0,1.9,1.76,135.7995643615723
283,2021-06-03,2021-06-04,C,142.0,0.32,0.3,2021-07-02,145.0,1.1599999999999997,1.08,135.7995643615723
284,2021-06-03,2021-06-04,C,143.0,0.1,0.09,2021-07-02,147.0,0.69,0.64,135.7995643615723
285,2021-06-03,2021-06-04,C,144.0,0.05,0.03,2021-07-02,148.0,0.56,0.5,135.7995643615723
286,2021-06-03,2021-06-04,C,145.0,0.03,0.02,,,,,135.7995643615723
287,2021-06-03,2021-06-04,C,146.0,0.03,0.01,,,,,135.7995643615723
288,2021-06-03,2021-06-04,C,146.99999999999997,0.02,0.01,,,,,135.7995643615723
289,2021-06-03,2021-06-04,C,150.0,0.01,0.0,,,,,135.7995643615723
290,2021-06-03,2021-06-04,P,89.99999999999999,50.95895780904716,50.92895780904716,2021-07-02,135.0,6.64758174370458,6.547581743704581,135.7995643615723
291,2021-06-03,2021-06-04,P,128.0,12.04386393068996,12.023863930689961,2021-07-02,136.0,4.704999999999991,4.564999999999991,135.7995643615723
292,2021-06-03,2021-06-04,P,129.0,13.362495763411653,13.312495763411652,2021-07-02,137.0,2.134193998636214,2.0241939986362136,135.7995643615723
293,2021-06-03,2021-06-04,P,132.0,-2.918552461646973,-2.9385524616469727,2021-07-02,138.0,2.2597932032145205,2.119793203214521,135.7995643615723
294,2021-06-03,2021-06-04,P,133.0,0.40542671886792847,0.37542671886792844,2021-07-02,139.0,-2.7146408408412994,-2.774640840841299,135.7995643615723
295,2021-06-03,2021-06-04,P,139.0,5.095653278285855,5.025653278285855,2021-07-02,140.0,-1.3699999999999966,-1.4499999999999966,135.7995643615723
296,2021-06-03,2021-06-04,P,140.0,0.1298363323736612,0.1198363323736612,2021-07-02,141.0,-2.86000000000001,-2.9300000000000104,135.7995643615723
297,2021-06-03,2021-06-04,P,141.0,-11.318847562194733,-11.348847562194734,,,,,135.7995643615723
298,2021-06-03,2021-06-04,P,142.0,-51.054999999999986,-51.06499999999999,,,,,135.7995643615723
299,2021-06-03,2021-06-04,P,143.0,-9.415000000000003,-9.455000000000002,,,,,135.7995643615723
300,2021-06-04,2021-06-04,C,138.0,3.717922255178572,3.467922255178572,2021-07-02,140.0,3.3,3.1499999999999995,136.0393295288086
301,2021-06-04,2021-06-04,C,139.0,2.520926126083636,2.3709261260836363,2021-07-02,140.99999999999997,2.248627245229291,2.1086272452292913,136.0393295288086
302,2021-06-04,2021-06-04,C,140.0,1.9229790364883972,1.7329790364883968,2021-07-02,142.0,2.024924934139745,1.8949249341397454,136.0393295288086
303,2021-06-04,2021-06-04,C,141.0,0.9135900347015949,0.7335900347015949,2021-07-02,143.0,1.8706915638820836,1.5806915638820835,136.0393295288086
304,2021-06-04,2021-06-04,C,142.0,0.039999999999999716,0.01999999999999972,2021-07-02,144.0,1.24,1.16,136.0393295288086
305,2021-06-04,2021-06-04,C,143.0,0.010003284308609283,3.284308609285006e-06,2021-07-02,145.0,0.96,0.87,136.0393295288086
306,2021-06-04,2021-06-04,C,144.0,0.010001932907675745,1.9329076757447306e-06,2021-07-02,146.99999999999997,0.54,0.48,136.0393295288086
307,2021-06-04,2021-06-04,C,145.0,0.01,0.0,2021-07-02,148.0,0.4,0.37,136.0393295288086
308,2021-06-04,2021-06-04,C,146.0,0.009996721842490555,-3.2781575094443752e-06,2021-07-02,150.0,0.26,0.18,136.0393295288086
309,2021-06-04,2021-06-04,C,147.0,0.00995984335211419,-4.0156647885809814e-05,,,,,136.0393295288086
310,2021-06-04,2021-06-04,P,135.0,6.043590034701632,6.023590034701632,2021-07-02,125.0,10.345000000000002,10.305000000000003,136.0393295288086
311,2021-06-04,2021-06-04,P,136.0,6.00129161236649,5.93129161236649,2021-07-02,135.0,-9.08465347767406,-9.19465347767406,136.0393295288086
312,2021-06-04,2021-06-04,P,138.0,4.913322218576887,4.803322218576888,2021-07-02,136.0,1.6234893287964371,1.563489328796437,136.0393295288086
313,2021-06-04,2021-06-04,P,139.0,1.0911093733640904,1.0611093733640906,2021-07-02,137.0,3.904617180462119,3.824617180462119,136.0393295288086
314,2021-06-04,2021-06-04,P,140.0,-0.8705645470634715,-0.8905645470634715,2021-07-02,139.0,4.253647294356423,4.073647294356423,136.0393295288086
315,2021-06-04,2021-06-04,P,141.0,-5.690788323496876,-5.720788323496875,2021-07-02,140.0,4.410000000000005,4.0800000000000045,136.0393295288086
316,2021-06-04,2021-06-04,P,142.0,2.489875028976269,2.3398750289762686,2021-07-02,141.0,-3.495091284619051,-3.525091284619051,136.0393295288086
317,2021-06-04,2021-06-04,P,143.0,-5.93499666394123,-5.94499666394123,2021-07-02,142.0,1.4283864759089444,1.318386475908944,136.0393295288086
318,2021-06-04,2021-06-04,P,144.0,-3.7399999999999953,-3.7699999999999956,2021-07-02,143.0,-1.7950000000000124,-1.8650000000000126,136.0393295288086
319,2021-06-04,2021-06-04,P,147.0,5.299991713314148,5.099991713314148,,,,,136.0393295288086
